0.000000 1.000000
0.001250 1.000000
0.002500 1.000000
0.003750 0.999999
0.005000 0.999998
0.006250 0.999997
0.007500 0.999995
0.008750 0.999993
0.010000 0.999990
0.011250 0.999987
0.012500 0.999983
0.013750 0.999979
0.015000 0.999973
0.016250 0.999967
0.017500 0.999960
0.018750 0.999952
0.020000 0.999942
0.021250 0.999932
0.022500 0.999921
0.023750 0.999908
0.025000 0.999895
0.026250 0.999881
0.027500 0.999865
0.028750 0.999849
0.030000 0.999832
0.031250 0.999815
0.032500 0.999797
0.033750 0.999779
0.035000 0.999761
0.036250 0.999743
0.037500 0.999726
0.038750 0.999709
0.040000 0.999694
0.041250 0.999680
0.042500 0.999668
0.043750 0.999659
0.045000 0.999651
0.046250 0.999647
0.047500 0.999646
0.048750 0.999648
0.050000 0.999655
0.051250 0.999665
0.052500 0.999681
0.053750 0.999701
0.055000 0.999726
0.056250 0.999756
0.057500 0.999792
0.058750 0.999833
0.060000 0.999880
0.061250 0.999933
0.062500 0.999991
0.063750 1.000055
0.065000 1.000123
0.066250 1.000197
0.067500 1.000275
0.068750 1.000357
0.070000 1.000444
0.071250 1.000533
0.072500 1.000624
0.073750 1.000718
0.075000 1.000812
0.076250 1.000906
0.077500 1.001000
0.078750 1.001092
0.080000 1.001181
0.081250 1.001266
0.082500 1.001346
0.083750 1.001420
0.085000 1.001487
0.086250 1.001546
0.087500 1.001595
0.088750 1.001633
0.090000 1.001659
0.091250 1.001673
0.092500 1.001673
0.093750 1.001657
0.095000 1.001626
0.096250 1.001579
0.097500 1.001514
0.098750 1.001431
0.100000 1.001330
0.101250 1.001210
0.102500 1.001072
0.103750 1.000914
0.105000 1.000738
0.106250 1.000544
0.107500 1.000332
0.108750 1.000103
0.110000 0.999858
0.111250 0.999598
0.112500 0.999325
0.113750 0.999039
0.115000 0.998743
0.116250 0.998439
0.117500 0.998128
0.118750 0.997814
0.120000 0.997498
0.121250 0.997184
0.122500 0.996874
0.123750 0.996571
0.125000 0.996278
0.126250 0.996000
0.127500 0.995738
0.128750 0.995497
0.130000 0.995279
0.131250 0.995090
0.132500 0.994930
0.133750 0.994806
0.135000 0.994719
0.136250 0.994673
0.137500 0.994671
0.138750 0.994716
0.140000 0.994811
0.141250 0.994959
0.142500 0.995161
0.143750 0.995420
0.145000 0.995737
0.146250 0.996114
0.147500 0.996552
0.148750 0.997050
0.150000 0.997609
0.151250 0.998229
0.152500 0.998907
0.153750 0.999643
0.155000 1.000434
0.156250 1.001278
0.157500 1.002170
0.158750 1.003107
0.160000 1.004084
0.161250 1.005095
0.162500 1.006134
0.163750 1.007194
0.165000 1.008267
0.166250 1.009346
0.167500 1.010421
0.168750 1.011483
0.170000 1.012520
0.171250 1.013522
0.172500 1.014478
0.173750 1.015375
0.175000 1.016199
0.176250 1.016938
0.177500 1.017578
0.178750 1.018103
0.180000 1.018500
0.181250 1.018753
0.182500 1.018845
0.183750 1.018762
0.185000 1.018487
0.186250 1.018004
0.187500 1.017296
0.188750 1.016347
0.190000 1.015140
0.191250 1.013659
0.192500 1.011888
0.193750 1.009811
0.195000 1.007411
0.196250 1.004675
0.197500 1.001586
0.198750 0.998131
0.200000 0.994296
0.201250 0.990068
0.202500 0.985435
0.203750 0.980384
0.205000 0.974906
0.206250 0.968991
0.207500 0.962629
0.208750 0.955813
0.210000 0.948538
0.211250 0.940796
0.212500 0.932584
0.213750 0.923899
0.215000 0.914740
0.216250 0.905105
0.217500 0.894996
0.218750 0.884415
0.220000 0.873365
0.221250 0.861852
0.222500 0.849882
0.223750 0.837462
0.225000 0.824603
0.226250 0.811314
0.227500 0.797608
0.228750 0.783496
0.230000 0.768995
0.231250 0.754120
0.232500 0.738887
0.233750 0.723315
0.235000 0.707423
0.236250 0.691231
0.237500 0.674761
0.238750 0.658035
0.240000 0.641076
0.241250 0.623907
0.242500 0.606554
0.243750 0.589041
0.245000 0.571395
0.246250 0.553640
0.247500 0.535805
0.248750 0.517916
0.250000 0.500000
0.251250 0.482084
0.252500 0.464195
0.253750 0.446360
0.255000 0.428605
0.256250 0.410959
0.257500 0.393446
0.258750 0.376093
0.260000 0.358924
0.261250 0.341965
0.262500 0.325239
0.263750 0.308769
0.265000 0.292577
0.266250 0.276685
0.267500 0.261113
0.268750 0.245880
0.270000 0.231005
0.271250 0.216504
0.272500 0.202392
0.273750 0.188686
0.275000 0.175397
0.276250 0.162538
0.277500 0.150118
0.278750 0.138148
0.280000 0.126635
0.281250 0.115585
0.282500 0.105004
0.283750 0.094895
0.285000 0.085260
0.286250 0.076101
0.287500 0.067416
0.288750 0.059204
0.290000 0.051462
0.291250 0.044187
0.292500 0.037371
0.293750 0.031009
0.295000 0.025094
0.296250 0.019616
0.297500 0.014565
0.298750 0.009932
0.300000 0.005704
0.301250 0.001869
0.302500 -0.001586
0.303750 -0.004675
0.305000 -0.007411
0.306250 -0.009811
0.307500 -0.011888
0.308750 -0.013659
0.310000 -0.015140
0.311250 -0.016347
0.312500 -0.017296
0.313750 -0.018004
0.315000 -0.018487
0.316250 -0.018762
0.317500 -0.018845
0.318750 -0.018753
0.320000 -0.018500
0.321250 -0.018103
0.322500 -0.017578
0.323750 -0.016938
0.325000 -0.016199
0.326250 -0.015375
0.327500 -0.014478
0.328750 -0.013522
0.330000 -0.012520
0.331250 -0.011483
0.332500 -0.010421
0.333750 -0.009346
0.335000 -0.008267
0.336250 -0.007194
0.337500 -0.006134
0.338750 -0.005095
0.340000 -0.004084
0.341250 -0.003107
0.342500 -0.002170
0.343750 -0.001278
0.345000 -0.000434
0.346250 0.000357
0.347500 0.001093
0.348750 0.001771
0.350000 0.002391
0.351250 0.002950
0.352500 0.003448
0.353750 0.003886
0.355000 0.004263
0.356250 0.004580
0.357500 0.004839
0.358750 0.005041
0.360000 0.005189
0.361250 0.005284
0.362500 0.005329
0.363750 0.005327
0.365000 0.005281
0.366250 0.005194
0.367500 0.005070
0.368750 0.004910
0.370000 0.004721
0.371250 0.004503
0.372500 0.004262
0.373750 0.004000
0.375000 0.003722
0.376250 0.003429
0.377500 0.003126
0.378750 0.002816
0.380000 0.002502
0.381250 0.002186
0.382500 0.001872
0.383750 0.001561
0.385000 0.001257
0.386250 0.000961
0.387500 0.000675
0.388750 0.000402
0.390000 0.000142
0.391250 -0.000103
0.392500 -0.000332
0.393750 -0.000544
0.395000 -0.000738
0.396250 -0.000914
0.397500 -0.001072
0.398750 -0.001210
0.400000 -0.001330
0.401250 -0.001431
0.402500 -0.001514
0.403750 -0.001579
0.405000 -0.001626
0.406250 -0.001657
0.407500 -0.001673
0.408750 -0.001673
0.410000 -0.001659
0.411250 -0.001633
0.412500 -0.001595
0.413750 -0.001546
0.415000 -0.001487
0.416250 -0.001420
0.417500 -0.001346
0.418750 -0.001266
0.420000 -0.001181
0.421250 -0.001092
0.422500 -0.001000
0.423750 -0.000906
0.425000 -0.000812
0.426250 -0.000718
0.427500 -0.000624
0.428750 -0.000533
0.430000 -0.000444
0.431250 -0.000357
0.432500 -0.000275
0.433750 -0.000197
0.435000 -0.000123
0.436250 -0.000055
0.437500 0.000009
0.438750 0.000067
0.440000 0.000120
0.441250 0.000167
0.442500 0.000208
0.443750 0.000244
0.445000 0.000274
0.446250 0.000299
0.447500 0.000319
0.448750 0.000335
0.450000 0.000345
0.451250 0.000352
0.452500 0.000354
0.453750 0.000353
0.455000 0.000349
0.456250 0.000341
0.457500 0.000332
0.458750 0.000320
0.460000 0.000306
0.461250 0.000291
0.462500 0.000274
0.463750 0.000257
0.465000 0.000239
0.466250 0.000221
0.467500 0.000203
0.468750 0.000185
0.470000 0.000168
0.471250 0.000151
0.472500 0.000135
0.473750 0.000119
0.475000 0.000105
0.476250 0.000092
0.477500 0.000079
0.478750 0.000068
0.480000 0.000058
0.481250 0.000048
0.482500 0.000040
0.483750 0.000033
0.485000 0.000027
0.486250 0.000021
0.487500 0.000017
0.488750 0.000013
0.490000 0.000010
0.491250 0.000007
0.492500 0.000005
0.493750 0.000003
0.495000 0.000002
0.496250 0.000001
0.497500 0.000000
0.498750 0.000000
